0003 0000 001e 0000
0003 0000 0021 0000
0003 0000 0024 0000
0003 0000 0025 0000
0003 0000 0028 0000
0003 0000 002a 0000
0003 0000 002d 0000
0003 0000 002e 0000
0005 0000 0032 0000
0006 0000 0032 0000
000c 0000 004d 0000
000c 0000 0050 0000
000c 0000 0051 0000
000c 0000 0053 0000
000c 0000 0056 0000
000c 0000 005a 0000
000c 0000 005a 0000
000d 0000 005d 0000
000f 0000 005f 0000
000f 0000 0060 0000
0015 0000 007a 0000
0015 0000 007d 0000
0015 0000 007f 0000
0015 0000 0082 0000
0015 0000 0084 0000
0015 0000 0087 0000
0015 0000 0088 0000
0017 0000 008c 0000
0018 0000 008d 0000
0018 0000 008d 0000
001e 0000 00a9 0000
001e 0000 00ab 0000
001e 0000 00ac 0000
001e 0000 00b0 0000
001e 0000 00b4 0000
001e 0000 00b4 0000
001f 0000 00b7 0000
0021 0000 00b9 0000
0021 0000 00ba 0000
0021 0000 00bc 0000
0027 0000 00d7 0000
0027 0000 00d8 0000
0027 0000 00db 0000
0027 0000 00de 0000
0027 0000 00e1 0000
0027 0000 00e2 0000
0029 0000 00e6 0000
002a 0000 00e7 0000
002a 0000 00e9 0000
002a 0000 00ea 0000
0030 0000 0105 0000
0030 0000 0106 0000
0030 0000 010a 0000
0030 0000 010d 0000
0030 0000 010e 0000
0031 0000 0111 0000
0033 0000 0113 0000
0033 0000 0114 0000
0033 0000 0117 0000
0033 0000 0118 0000
0039 0000 0132 0000
0039 0000 0135 0000
0039 0000 0137 0000
003b 0000 013b 0000
003c 0000 013b 0000
003c 0000 013f 0000
003c 0000 0141 0000
003c 0000 0143 0000
003c 0000 0145 0000
003c 0000 0148 0000
0042 0000 0160 0000
0042 0000 0164 0000
0043 0000 0166 0000
0045 0000 0168 0000
0045 0000 016a 0000
0045 0000 016d 0000
0045 0000 016e 0000
0045 0000 0171 0000
0045 0000 0175 0000
0045 0000 0176 0000
004b 0000 018f 0000
004b 0000 0191 0000
004d 0000 0195 0000
004e 0000 0195 0000
004e 0000 0199 0000
004e 0000 019a 0000
004e 0000 019c 0000
004e 0000 019f 0000
004e 0000 01a3 0000
004e 0000 01a3 0000
004e 0000 01a6 0000
004f 0000 01a7 0000
0053 0000 01ab 0000
0054 0000 01ad 0000
0054 0000 01b0 0000
0054 0000 01b1 0000
0054 0000 01b4 0000
0054 0000 01b7 0000
0054 0000 01b9 0000
0054 0000 01b9 0000
