0000 006f 006f 0000 0000 0000 0000 0039
0000 0076 0078 0000 0000 0000 0000 0003
0000 007b 0084 0000 0000 0000 0000 0003
0000 0080 0091 0000 0000 0000 0000 0005
0008 0084 00ce 0000 0000 0000 0000 0005
0008 00d5 012a 0000 0000 0000 0000 0061
0009 00db 0133 0000 0000 0000 0000 0005
0009 00e0 0142 0000 0000 0000 0000 0006
000d 00e7 014b 0000 0000 0000 0000 0006
0035 00e7 0192 0000 0000 0000 0000 0005
0028 013d 01e0 0000 0000 0000 0000 0089
0027 0144 01f1 0000 0000 0000 0000 0009
0028 0147 01f8 0000 0000 0000 0000 000a
002c 0149 01ff 0000 0000 0000 0000 0009
0064 014c 0252 0000 0000 0000 0000 0008
0046 01a3 029f 0000 0000 0000 0000 00b0
004a 01a6 02a7 0000 0000 0000 0000 0009
004b 01a9 02b1 0000 0000 0000 0000 000c
004c 01ad 02ba 0000 0000 0000 0000 0009
0092 01b1 0318 0000 0000 0000 0000 0008
0052 01bb 02f9 0000 0000 0000 0000 00b9
0056 01c1 02fd 0000 0000 0000 0000 000a
0057 01c6 0307 0000 0000 0000 0000 000c
0058 01cb 0314 0000 0000 0000 0000 0009
00a4 01cd 0366 0000 0000 0000 0000 0007
